Principal Component,Eigenvalue,Variance Explained,Proportion of Variance
1,2.8745881,51.2902283,51.2902283
2,1.6598467,29.6160398,80.9062681
3,0.6514201,11.6230523,92.5293204
4,0.2393515,4.2706624,96.7999827
5,0.1036724,1.8497881,98.6497708
6,0.0667204,1.1904672,99.8402380
7,0.0078705,0.1404304,99.9806684
8,0.0010826,0.0193156,99.9999841
9,0.0000009,0.0000159,100.0000000
